99
2525 1
2400 5
300 2
120 60
60 90
635311016 1
316469461 3395
73143827 1
51084016 8207
1000000000 2
999999998 2
999999997 3
132290079 2
106654913 2384
56115867 1010
654575566 1
409970509 9488
1000000000 2
100 10000
200 10000
561315990 1
142722292 5014
431190434 2
107966571 6240
31625193 4344
597418484 1
185477524 1697
147865255 1
88622981 4950
519023534 1
194968784 5544
402940827 1
193398596 5481
379065966 1
313748155 7134
128403364 1
90067346 2690
262304073 1
71307607 790
24507407 1
23395779 6846
948159426 1
518145371 2748
295945952 1
254971700 8283
51963969 1
37131601 334
735223970 1
245370423 8531
2 1
1 1
264616575 1
89375783 6508
349076888 1
70695526 6569
131956618 1
110472826 4424
544743450 1
375514642 2571
901278351 1
560811181 3753
927517224 1
276705169 8078
585808831 1
201190912 9093
600855722 1
123865693 8828
1000000000 2
2 2
1 3
1000000000 2
998000000 1
999000000 1
43687253 1
42084255 2479
306380055 1
192703625 560
2 1
1 10000
943773278 1
149967379 4026
240584677 1
102230836 8741
173409512 1
9379146 2751
1000000000 2
999999996 3
999999997 2
5759712 1
3544199 8615
635995936 1
295613732 6465
568210119 1
134654586 4427
1000000000 2
999999998 3
999999999 2
149440672 1
25469743 3331
601003887 1
165017573 1386
956390280 1
838802251 3894
1000000000 2
12345675 3
12345676 2
264025057 1
63324628 2855
393966649 1
67489254 8743
1000000000 1
999999999 10000
756932625 1
259698673 8217
217646070 1
94299709 3
860336065 1
532045807 8174
156903355 1
136254723 1440
720085051 1
716795294 5319
973313283 1
491723165 824
399471662 1
6302964 9753
69816117 1
65684945 1836
358638819 1
159478635 3854
207619470 1
58939930 7819
673595162 1
523445449 8612
114404426 1
35462027 5445
343721117 1
54346439 4618
200000 2
5001 1
5000 5
75743992 1
46575581 2262
96254094 1
5368101 5674
421717890 1
71974205 7190
799770501 1
396043856 6465
108950396 1
66486635 1821
835069959 1
219870883 8020
51820510 1
11676900 6617
505279149 1
276212707 8916
37613970 1
33418871 3717
487888440 1
104738748 2553
576252765 1
103185251 2969
734312755 1
328522656 8652
788080098 1
526892881 513
1000000000 1
1 1
607536923 1
313421025 1746
863963779 1
803712998 5696
827016201 1
533786797 8342
864987380 1
556279710 3081
215225915 1
67068109 5429
1000000000 1
999999999 1
397316081 1
308438523 4258
295065987 1
6158848 6438
644594566 1
304548695 8932
234014280 1
128868824 1
780476735 1
542017363 2619
710457566 1
64010537 9174
665862554 1
247468487 7344
1000000000 1
1 10000
907325564 1
198686564 5823
21836533 1
15449742 6713
1000000000 2
999000000 10000
998000000 10000
731256723 1
24419041 3706
327583331 1
168864813 4559
138496999 1
87011015 6225
